12492	15437	11230	14252	11146	13844	10449	12657
11252	12823	10501	12299	10423	12089	10422	12641
11244	12834	10495	12296	10427	12088	10434	12656
11247	12833	10467	12240	10311	11893	10416	12608
10590	11154	10452	12244	10342	11945	10421	12611
11237	12820	10444	12242	10350	11962	10414	12605
11235	12827	10440	12246	10396	12041	10410	12615
11238	12822	10441	12233	10432	12112	10411	12632
11236	12822	10421	12221	9877	10525	10375	12569
11212	12800	10405	12199	10360	11990	10370	12563
11219	12810	10410	12207	10393	12043	10374	12575
11216	12805	10415	12217	10412	12079	10455	12701
11216	12810	10430	12247	10432	12112	10464	12722
11193	12787	10420	12231	10341	11955	9900	10982
11198	12783	10417	12214	10309	11908	10375	12582
11184	12787	10408	12213	10326	11936	10368	10720
10546	11129	10413	12221	10348	11974	10369	12582
11184	12790	10434	12243	10407	12087	9889	10987
11188	12787	10443	10464	10413	12109	10358	12576
11164	12753	10411	12221	10332	11962	10342	12543
11151	12745	10456	12251	10340	11966	10330	12524
11138	12742	10442	12246	10319	11933	10332	12517
11151	12754	10451	12265	10339	11965	10337	12520
11116	12734	10443	12265	10343	10264	10352	12535
11112	12723	10437	12249	10280	11873	10324	12481
11111	12657	10425	12258	10284	11880	10306	12453
10488	11052	10452	12264	10298	11902	10311	12459
11106	12710	10449	12268	10307	11921	10320	12472
11113	12720	10492	12320	10322	11943	10322	12478
11149	12757	10453	12283	10314	11934	10330	12480
11138	12744	10437	12253	10275	11873	10280	12401
11149	12747	10449	12269	10289	11899	10283	12393
11222	12808	10463	12283	10284	11890	10275	12375
11232	12814	10462	12288	10306	11923	10256	12361
11236	12819	10449	12277	10307	11927	10257	12359
11235	12811	10474	12308	10311	11931	10250	12346
11219	12775	10450	12272	9796	10432	10211	12282
10573	11118	9940	10747	10269	11871	10236	12305
11235	10874	10463	12303	9810	10454	10261	12326
11245	12798	9942	10754	10297	11919	10289	12367
11244	12804	10449	12293	10316	11953	10316	12406
11250	12814	10458	12305	10287	11906	10320	12408
11231	12783	10441	12278	10264	11874	10365	12441
11230	12785	10445	12286	10288	11916	10366	12467
11232	12782	10433	12268	9826	10493	10387	12499
11235	12793	10433	12278	10334	12008	10402	12523
11234	12799	9930	10750	10350	12033	10398	12520
11199	12733	10439	12281	10272	11901	10389	12507
11196	12736	10449	12298	10292	11935	10392	12515
11195	12742	10444	12296	10298	11949	10397	12523
11208	12755	10442	12295	10335	12015	10403	12539
11223	12788	10451	12306	10353	12049	10412	12552
11253	12803	9938	10760	10271	11912	10402	12535
11243	12788	10456	10510	10300	11968	10406	12543
10599	11143	10462	10519	10325	12009	10412	12553
11258	10883	10476	12341	10338	10307	10420	12572
11273	12809	10473	12339	10353	12062	10432	12598
11273	12817	10510	12371	10346	12051	10420	12576
11315	12853	10525	12380	10289	11952	10418	12576
11285	12834	10541	12392	10303	11978	10419	12581
11280	12825	10526	12374	10309	11984	10396	12568
11274	12822	10481	12333	10345	12048	10401	12577
11166	12743	10469	12322	10355	12068	10406	12590
11010	12589	10413	12260	10302	11976	10401	12575
10940	12526	10386	12235	10310	12000	10407	12582
10970	12565	10371	12254	10331	12032	10420	12600
11108	12765	10402	12263	10340	12042	10439	12625
11192	12837	10408	12281	10356	10334	10453	12650
11215	12865	10402	12285	10366	12087	10464	12665
11255	12896	10388	12256	10276	11931	10450	12629
11263	12918	10405	12250	10294	11957	10456	12642
11268	12941	10406	12250	10299	11965	10457	12646
11319	13002	10384	12257	10313	11990	10463	12659
11090	12667	10387	12248	10329	12018	10467	12669
11136	12739	10394	12252	10309	11981	10455	12646
11112	12758	10371	12240	10277	11931	10450	12642
11118	12773	10386	12258	10287	11950	10454	12646
11126	12778	10410	12245	10290	11952	10458	12654
10491	11119	10421	12252	10304	11978	10466	12669
11121	12776	10430	12269	9846	10550	10476	12692
11129	12783	10448	12310	10287	11962	10457	12654
11129	12781	10438	12290	10289	11988	10455	12653
11133	12782	10436	12301	10327	12068	10452	12656
11135	12785	10433	12302	10333	12085	10451	12660
11138	12793	10434	12307	10339	12098	10461	12678
11146	12797	10438	12313	10340	12100	10469	12694
11142	12797	10447	12321	10262	11942	10443	12646
11133	12784	10429	12278	10246	11916	10443	12649
10498	11133	10429	12294	10263	11946	10447	12657
11140	12794	10427	12297	10278	11976	10449	12662
11141	12798	10428	12300	10291	11995	10446	12662
11137	12795	10440	12316	10308	12030	10450	12670
11147	12802	10428	12293	10228	11890	10435	12636
11140	12797	10424	12281	10239	11907	10434	12634
10505	11140	10428	12290	10243	11912	10430	12629
11144	12802	10418	12279	10251	11927	10429	12631
11143	12806	9905	10732	10260	11945	10432	12640
11145	12803	10409	12269	10270	11960	10435	12639
11130	12785	10380	12242	10216	11867	10413	12596
11128	12765	10357	12213	10228	11891	10404	12585
11147	12793	10356	12219	10231	11898	10403	12582
11149	12801	10379	12256	10253	11941	10407	12591
11158	12806	10389	12249	10281	11991	10413	12602
11157	12808	9886	10722	10296	12017	10411	12595
11156	12785	10358	12231	10211	11870	10387	12553
11159	12794	10369	12251	10233	11911	10389	12552
11164	12806	10379	12239	10258	11960	10388	12555
11163	12806	10389	12252	10283	12008	10397	12569
11166	12812	10392	12260	10300	12037	10405	12583
11168	12814	10390	12260	10310	12060	10410	12595
10528	11142	10375	12233	10216	11890	10388	12547
11155	12792	10374	12261	10234	11921	10391	12552
11166	12810	10381	12245	10252	11955	10400	12568
11170	12818	10385	12253	10283	12016	10414	12592
10544	11158	10388	12259	10303	12056	10469	12678
11183	10904	10390	12268	10307	12072	10515	12754
11189	10906	10390	12268	10293	12038	10537	12755
10527	11146	10371	10468	10277	12016	10559	12805
11182	12829	10367	12238	10294	12045	10549	12812
11191	12836	10357	12262	10300	12053	10522	12790
11198	12842	10354	12236	10315	12074	10521	12797
11187	12839	10363	12248	10325	12084	10462	12743
11184	12842	10361	12243	10256	11947	10438	12674
11165	12810	10338	12235	10237	11923	10343	12561
11167	12821	10348	12251	10256	11947	10306	12470
11176	12822	10354	12254	10272	10260	10314	12434
11180	12836	10366	12243	10313	12044	10493	12670
11184	12835	10371	12249	10327	12076	10553	12754
11179	12836	10362	12248	10320	12064	10586	12800
11159	12802	10334	12224	10271	11979	10598	12813
11168	12819	10336	12233	9825	10562	10614	12843
11171	12824	10338	12240	10296	12029	10597	12846
11180	12831	10348	12254	10307	12046	10579	12836
11180	12837	10352	10467	10313	12055	10569	12831
11182	12842	10351	12235	10309	12048	10569	12824
11172	12820	10326	12226	10238	11924	10572	12826
11183	12841	10368	12256	10293	12039	10575	12832
11192	12849	10383	12277	10303	12059	10571	12831
11190	12855	10409	12305	10322	12094	10565	12830
11197	12856	10410	12308	9846	10612	10563	12834
11196	12859	10398	12294	10316	12086	10539	12786
11189	12839	10410	12299	10316	12088	10548	12802
11193	12852	10415	12311	10315	12090	10546	12805
11192	12856	10411	12306	10318	12096	10548	12812
11195	12864	10407	12304	10316	12095	10548	12817
11197	12861	10414	12313	10326	12108	10546	12815
11199	12860	10400	10497	10309	12079	10506	12721
11184	12839	10401	12294	10301	12067	10506	12720
11195	12854	10401	12296	10303	12076	10510	10840
11196	10919	10407	12301	10305	12077	10518	12753
11187	12858	10405	12300	10307	12085	10519	12765
11194	12861	10406	12306	10308	12089	10520	12763
11179	12843	10395	12280	10238	11949	10487	12697
11188	12846	10397	12288	10254	11980	10478	12698
11192	12857	10396	12288	10255	11982	10480	12705
11191	12860	10402	12296	9812	10564	10491	12727
10549	11179	10400	12300	10295	12061	10498	12746
11190	12863	10392	12283	10216	11910	10466	12680
11173	12834	10390	12279	10234	11947	10470	12691
11188	12853	10392	12287	10253	11979	10471	12695
11189	12856	10398	12294	10272	12016	10480	12718
11191	12859	10402	12302	10286	12047	10487	12736
11186	12866	10403	12307	10280	12032	10464	12693
10529	11150	10390	12280	10214	11914	9958	11049
11173	12830	9892	10748	10241	11966	10458	12688
11175	12846	10397	12291	10250	11982	10465	12698
11182	12853	10402	12300	10276	12027	10479	12727
11181	12860	10404	12307	9814	10578	10487	12748
11182	12865	10408	12313	10293	12066	10489	12751
11174	12841	10388	12275	10203	11899	10456	12688
11170	12828	10389	12279	10224	11939	10464	12704
11178	12846	10398	12291	10234	11958	10468	12713
11180	12852	10397	12295	10259	12003	10479	12740
11180	12861	10400	10505	10275	12038	10491	12766
11180	12866	10406	12310	10289	10330	10503	12791
11190	12868	10406	12315	10279	12046	10496	12767
11161	12825	10388	12278	10210	11917	10478	12732
11173	12840	9893	10751	10236	11964	10494	12761
11182	12855	10396	12297	10245	11982	10504	12782
11185	12862	10398	12302	10274	12034	10515	12807
11185	12870	10387	12294	10285	12060	10518	12821
11189	12873	10387	12296	10293	12075	10521	12831
11193	12872	10384	12293	10251	11993	10503	12790
11177	12853	10364	12268	10236	11973	10512	12807
11193	12867	10359	12264	10254	10291	10553	12859
11187	12868	10346	12250	10257	12016	10558	12868
11178	12867	10364	12273	10270	12040	10558	12870
11181	12869	10357	12270	10281	12067	10561	12878
11186	12866	10336	12233	10209	11928	10551	12857
11176	12854	10333	12252	10231	11973	10556	12870
11171	12858	10343	12237	10245	11998	10557	12871
11179	12860	10343	12242	9797	10566	10559	12878
11178	12870	10351	12260	10279	12071	10563	12883
11183	12871	10355	12267	10288	12085	10560	12881
11179	12867	10332	12256	9771	10522	10542	12849
11174	12854	9842	10721	10252	12017	10546	12855
11173	12859	10342	12243	10271	12052	10549	12863
11174	12862	9863	10737	10280	12070	10551	12868
11182	12869	10396	12305	10288	12084	10555	10941
11175	12867	10392	12311	9820	10607	10556	12877
11178	12868	10384	12299	9763	10511	10536	12842
11159	12826	10386	12300	10221	11959	10543	12849
11156	12830	10392	12306	10229	11975	10544	12855
11158	12831	10393	12307	10244	12007	10550	12865
11171	12854	10383	12304	10262	12043	10554	12872
11173	12860	10371	12299	10272	12061	10557	12879
11179	12867	10380	12310	10262	12040	10549	12860
11148	12817	10370	12288	9742	10482	10541	12846
11148	12828	10375	12298	10218	11958	10542	12851
11154	12833	10378	12298	10217	11960	10542	12854
11165	12847	10378	12302	9780	10545	10549	12867
11167	12863	10376	12304	10257	12037	10554	12873
11174	12866	10388	12318	10267	12054	10555	12876
11166	12848	9869	10748	10175	11883	10533	12839
11156	12834	10388	12313	10192	11916	10538	12847
11165	12850	10379	12306	10198	11928	10540	12849
11164	12849	10381	12310	10215	11960	10545	12861
11162	10915	10379	12308	10229	11987	10548	12870
11163	12857	10351	12286	10241	12011	10040	11197
11154	12850	10355	12287	10186	11905	10533	10919
11125	12794	10352	12280	10182	11897	10528	12835
11135	12812	10353	12282	10193	11921	10530	12843
11149	12830	9860	10747	10204	11938	10535	12851
11154	12853	10365	12295	9759	10513	10538	12857
11172	12863	10361	12297	10231	11993	10540	12863
11174	12866	10360	12298	9737	10476	10526	12839
11154	12832	10362	12295	10190	11917	10529	12846
11156	12841	10371	12300	10202	11938	10527	12846
11160	12840	10364	12297	10204	11941	10535	12854
11159	12846	10357	12289	10225	11983	10540	12862
11183	12867	10346	12281	10225	11982	10535	12852
11173	12842	10326	12255	10168	11875	10526	12838
11181	12860	10335	12269	10191	11921	10529	12845
11186	12867	10334	12271	10198	11933	10528	12847
11182	12869	10337	12274	10218	11973	10530	12853
11183	12875	10343	12282	9770	10536	10533	12858
11182	12862	10362	12293	10159	11854	10503	12802
11139	12808	10362	12291	10157	11856	10504	12804
11146	12812	10365	12295	10165	11872	10506	12809
11158	12825	10352	12280	10183	11904	10513	12826
11189	12862	9846	10733	10202	11940	10517	12838
11197	12870	10343	12273	10202	11942	10505	12816
11184	12842	10331	12258	10145	11833	10491	12784
11201	12867	10333	12266	9710	10433	10492	12790
11216	12895	9838	10733	10158	11857	10495	12793
11222	12903	10333	12272	10170	11880	10501	12811
11227	12918	10339	12281	10183	11905	10508	12827
11229	12925	10333	12274	10154	11846	10489	12787
11214	12895	10306	12238	10138	11819	10482	12772
11223	12905	10312	12247	10144	11830	10482	12771
11228	12916	10301	12242	10148	11840	10483	10873
11226	12921	10307	12250	10156	11857	10482	12786
11234	12924	10312	12260	10161	11868	10489	12795
11225	12923	10316	12266	10159	11860	10488	12788
11209	12888	10307	12243	10124	11799	10518	12829
11212	12899	10305	12246	10135	11818	10527	10925
11209	12902	10311	12254	10135	11822	10531	12859
11212	12905	10313	12257	10153	11854	10539	12874
11219	12914	10317	12263	9716	10449	10547	10947
11219	12919	10320	12268	10188	11928	10553	12893
11219	12919	10307	12250	10129	11809	10551	12875
11210	12895	10302	12245	10135	11825	10568	12892
11215	12905	10307	12251	10155	11862	10580	12900
11213	12903	10300	12246	10179	11907	10587	12909
11215	12913	10297	12247	10198	11943	10595	12919
11222	12917	10293	12246	10203	11957	10600	10977
11217	12913	10304	12256	10182	11910	10589	12902
11184	12857	10305	12240	10154	11857	10590	12902
11192	12884	10319	12260	10177	11904	10591	12903
11203	12893	10322	12264	10177	11902	10590	12907
11209	12906	10314	12265	10237	12021	10577	12904
11210	12912	10319	12267	10240	12027	10060	11215
11207	12912	10318	12265	10188	11914	10551	12853
11186	12870	10294	12263	10143	11835	10034	11178
11203	12893	10292	12236	10159	11865	10549	12855
11209	10947	10296	12242	10157	11860	10550	10930
11209	12904	10300	12249	10175	11893	10044	11196
11209	12905	10317	10475	10184	11913	10562	12880
11205	12906	10322	12270	10187	11913	10556	12863
11193	12873	10298	12236	10132	11814	10547	12847
10552	11194	10305	12248	10151	11846	10551	12860
11197	12896	10305	12252	10153	11850	10041	11191
11201	12905	9820	10724	10171	11887	10562	12878
11209	12909	10308	12260	10180	11904	10566	12887
11213	12911	10309	12262	10179	11897	10554	12863
11190	12881	10296	12235	9682	10389	10545	12847
11203	12896	10301	12246	10141	11833	10552	12862
11205	12901	9814	10718	10148	11848	10040	11193
11211	12907	10300	12252	10205	11958	10563	12891
11211	12911	10313	12266	9752	10518	10568	12898
11204	12906	10307	12252	10130	11815	10536	12839
11189	10930	10305	12249	10134	11829	10541	12860
11192	12896	10315	12264	10149	11858	10533	12852
11196	12904	10312	12260	10155	11868	10543	12873
11203	12915	10310	12260	10178	11910	10554	12889
11203	12913	10304	12259	10170	11889	10534	12857
11185	12865	10274	12230	10112	11790	10516	12822
11185	12874	10278	12237	10128	11819	10523	12840
11191	12887	10279	12243	10133	11829	10526	12848
11200	12898	10285	12255	10158	11874	10538	12871
11205	12908	10290	12237	10191	10241	10544	12883
11206	12913	10290	12242	10211	11978	10540	12877
11192	12879	10266	12230	10119	11798	10498	10885
11187	12864	10277	12241	10111	11785	10002	11142
11204	12889	10259	12228	10124	11814	10494	12798
11193	12888	10301	12245	10141	11837	10508	12815
11195	10944	10284	12260	10168	10206	10498	12826
11197	12900	10276	12257	10181	11921	10496	12831
11205	12895	10266	10454	10117	11795	10484	12787
11186	12885	10286	12243	10158	11879	10494	12830
11203	12905	10270	12258	10145	11845	10499	12820
11204	12907	10279	12239	10145	11846	10502	12828
11202	12905	10281	12244	10156	11864	10511	12840
10553	11208	10288	12252	10137	11823	10481	12783
10531	11174	10273	12247	10111	11781	10468	12767
11182	12875	10280	12259	10123	10133	10470	12771
11194	12895	10265	12248	10129	11813	10474	12785
11207	12905	10269	10468	10150	11850	9986	11157
11200	12900	10278	12240	10147	11841	10464	12777
11175	12857	10245	12216	10101	11754	10436	12732
11186	12869	10248	12226	10109	11770	10432	12732
11186	12879	10257	12237	10107	11763	10424	12725
11192	12883	10259	12245	10113	11777	10424	12733
11189	12890	10249	12240	10123	11800	10393	12704
11188	12844	10221	12170	10069	11678	10356	12641
10519	11144	10246	12192	10072	11684	9872	11013
11168	12829	10231	12189	10072	11690	10324	12609
11176	12838	10222	12184	10092	11732	10305	12606
11192	12863	10250	12212	10106	11760	10330	12630
11181	12854	10215	12166	10070	11685	10281	12583
11191	10918	10223	12171	10099	11745	10243	12550
11194	12871	10193	12138	10107	11764	10248	12557
10545	11186	10206	12153	10119	11791	10271	12582
11184	12872	10218	12172	10131	11809	10281	12586
11169	12833	10202	12135	10072	11692	10253	12545
11145	12809	10199	10375	10106	11772	10255	12561
11200	12874	10196	12151	10102	11764	10273	12573
11190	12857	10209	12157	10111	11785	10283	12587
11186	12859	10211	12164	10098	11755	10280	12572
11156	12807	10179	12109	10062	11678	10265	12544
11161	12819	10180	12111	10082	11724	10269	12548
11165	10902	10175	12103	10087	11740	10269	12549
10535	11162	10184	12128	10116	11806	10280	12569
11184	12852	10192	12136	10063	10043	10257	12525
11153	12803	10190	12126	10069	11701	10250	12512
11157	12811	10198	12152	10088	11746	10257	12519
11168	12824	10207	10396	10104	11786	10265	12536
11196	12862	10216	12179	10129	11837	10276	12556
11199	12866	10187	12122	10057	11683	10253	12506
11179	12830	10182	12115	10069	11711	9794	10929
11190	12852	10187	12126	10081	11740	9826	10971
11190	12859	10188	12132	10101	11786	10342	12647
11206	12879	10209	12156	10130	11841	10374	12692
11198	12876	10182	12123	10060	11697	10359	12632
11175	12833	10172	12108	10075	11730	10384	12670
11185	12848	10174	12110	10083	11752	10394	12684
11181	12852	10178	12115	10107	11802	10407	12700
11191	12870	10183	12128	10135	11857	10412	12711
11199	12880	10183	12133	10115	11809	10392	12666
11171	12825	10153	12082	10078	11737	10378	12646
11175	12835	10152	12084	10093	11770	10378	12653
11179	12845	10158	12099	10104	11795	10378	12662
11185	12857	10183	12138	10128	11835	10385	12678
11190	12874	10190	12155	10144	11870	10388	12693
11202	12900	10191	12165	10104	11789	10365	12644
11179	12840	10155	12103	10088	11762	10357	10762
11173	12841	10162	12113	10115	11812	10369	12653
11176	12841	10173	12125	10117	11819	10372	12658
11181	12854	10188	12154	10136	11850	10380	12677
11180	12860	10194	12165	10141	11861	10383	12684
11200	12886	10206	12181	10125	11824	10373	12656
11152	12808	10181	12125	10094	11767	10357	12631
11168	12830	10166	12129	10103	11793	10369	12647
11162	12831	10170	12130	10113	11813	10374	12660
11187	12866	10158	12121	10134	11852	10385	12678
11205	12890	10170	12139	10158	11897	10410	12724
11195	12894	10180	12150	10176	11935	10417	12737
11197	12892	10184	12153	10124	11829	10387	12670
11151	12811	10160	12100	10114	11813	10383	12669
11168	12833	10153	12098	10125	11832	10388	12679
11159	12834	10163	12111	10141	11866	10399	12705
11181	12858	10181	12142	10156	11896	10402	12716
11192	12880	10194	12168	10169	11919	10404	12722
11204	12894	10216	12197	10177	11932	10405	12731
11198	12893	10212	12187	10118	11815	10375	12666
11167	12837	10191	12150	10115	11819	10372	12667
11173	12856	10199	12166	10124	11832	9888	11044
11180	12856	10221	12181	10128	11838	10378	12679
11175	12869	10220	12202	10152	11887	10393	12711
11194	12892	10221	12210	10175	11932	10394	10828
11204	12904	10221	12215	10141	11861	10372	12674
11175	12849	10191	12163	10111	11815	10367	12669
11185	12874	10196	12179	10127	11840	10359	12665
11194	12883	10203	10416	10127	11842	10352	12663
11198	12896	9738	10679	10150	11886	10353	12674
11203	12904	10213	12208	10164	11916	10357	12687
11198	12907	10205	12191	10104	11800	10330	12635
11171	12855	10191	12167	10112	11819	10329	12637
11190	12877	10201	12186	10118	11827	10322	12630
11184	12884	10203	12192	10128	10170	10328	12643
11200	12897	10209	12201	10144	11881	10338	12658
11202	12907	10210	12207	10114	11817	10318	12621
11173	10914	10182	12154	10097	11796	10306	12604
11176	12863	10194	12176	10109	11819	10305	12605
11180	12865	10191	12178	9672	10409	10308	12612
11193	12885	10199	12190	10132	11861	10314	12625
10549	11202	10205	12202	10132	11858	10308	12611
11172	12854	10176	12145	10080	11766	10281	12563
11170	12852	10182	12158	10089	11788	10278	12560
11179	12860	10188	12168	10088	11786	10275	12556
11181	12871	10194	12181	10099	11806	10283	12570
11191	12894	10199	12191	10111	11829	10290	12580
11200	12893	10198	12187	10074	11754	10265	12528
11167	12838	10175	12145	10066	10088	10250	12501
11172	12845	10181	12157	10070	11754	10248	12497
11172	12849	10182	12159	10073	11764	10252	12503
11180	12863	10192	12177	9650	10380	10263	12519
11187	12875	10196	12184	10094	11802	10272	12533
11189	12889	10197	12191	10071	11752	10255	12494
11156	12828	10168	12131	10053	11712	10234	12450
11157	12832	10174	12142	10059	11727	10235	12450
11163	12838	10178	12150	10063	11737	10239	12458
11168	12853	10184	12166	9643	10363	10255	12479
11178	12868	10191	12177	10086	11787	10265	12497
11182	12879	10196	12188	10099	11811	10277	12517
11185	12867	10176	12146	10050	11701	10244	12445
11155	12825	10170	12132	10056	11709	10239	12432
11161	12834	10175	12144	10062	11719	10242	12432
11163	12839	10181	12155	10069	11741	10252	12447
11175	12856	10188	12171	10081	11771	10269	12472
11178	12868	10198	12184	10092	11791	10282	12494
11184	12878	10202	12195	10104	10145	10291	12507
11177	12856	10174	12141	10056	11698	10264	12445
11153	12827	10184	12148	10065	11716	10265	12448
11161	12844	10186	12158	10071	11729	10273	12451
11164	12844	10187	12167	10084	11762	10287	12474
11180	12870	10199	12186	10096	11788	9833	10920
11196	12885	10199	12193	10110	11812	10317	12527
10558	11205	10202	12201	10113	11811	10314	12510
11173	12846	10178	12149	10079	11740	10304	12494
11179	12864	10191	12177	10099	11784	10312	12506
11187	12866	10191	12182	10106	11798	9848	10933
11193	12882	10206	12200	10126	11838	10330	12545
11205	10948	10202	12203	10138	11861	10338	12562
11202	12909	10208	12209	10146	11874	10338	12553
11177	12856	10184	12160	10089	11752	10321	12520
11179	12868	10197	12183	10106	11789	10322	12526
11186	12869	10198	12189	10109	11794	9852	10942
11186	12878	10205	12200	10128	10161	10335	12552
11201	12897	10210	12212	10141	11860	10341	12568
11202	12904	10212	12217	10149	11870	9862	10960
11177	12851	10186	12163	10090	11745	10315	12509
11172	12850	10193	12176	10103	11774	10313	12507
11182	12857	10200	12188	10106	11781	10314	12512
11185	12865	10204	12200	10125	11817	10322	12531
11192	12885	10210	12213	10139	11848	10332	12550
10547	11201	10213	12220	10153	11879	10339	12570
10543	11197	10201	12194	10091	11740	10309	12500
11169	12850	10197	12179	10099	11758	10305	12493
11178	12853	9731	10672	10107	11777	10306	12499
11181	12858	10207	12201	10117	11801	10313	12514
11194	12883	10207	12209	10132	11829	10322	12533
11199	12892	10212	12220	10143	11853	10331	12553
11203	12903	10217	12224	10109	11775	10312	12508
11170	12842	10192	12177	10096	11752	10304	12489
11178	12854	10201	12195	10106	11774	10303	12493
11181	10920	10204	12200	10109	11784	10307	12503
11188	12873	10209	12213	10127	11820	10319	12524
10547	11196	9742	10694	10138	11845	10326	12541
11205	12900	10224	12226	10147	11857	10327	12533
11173	12848	10193	12179	10092	11743	10303	12489
11176	12848	10202	12197	10105	11778	9837	10918
11179	12860	10207	12204	10110	11785	10312	12505
11192	12876	10207	12213	10128	11820	10321	12527
10550	11199	10208	12218	10144	11853	10331	12547
11210	12904	10213	10444	10158	11888	10341	12567
10552	11196	10207	12209	10099	11759	10314	12508
11186	12859	10222	12230	10111	11788	10316	12511
10549	11187	10229	12239	10118	11799	10314	12514
11197	12881	10232	10459	9687	10412	10323	12531
11201	12904	10236	12250	10148	11862	10333	12552
11219	12929	10239	12257	10164	11899	10339	12562
11211	12901	10226	12226	10098	11755	10311	12502
11203	12879	10221	12221	10109	11784	9840	10923
10562	11199	10222	12228	10116	11798	10312	12508
11210	12904	10229	12238	10134	11832	10320	12527
11222	12920	10232	12247	10148	11863	10330	12545
11226	12926	10231	12248	10158	11883	10337	12561
11224	12928	10230	12244	10101	11760	10309	12501
11193	12867	10219	12219	10099	11760	10301	12486
11201	12883	10226	12232	9669	10378	10303	12493
11203	12889	10229	12236	10121	10140	10310	12510
11211	12912	10232	12247	10144	11852	10326	12537
11221	12934	10229	12247	10151	11871	10333	12551
11221	12931	10229	12249	10146	11856	10326	12537
11210	12884	10200	12208	10095	11759	10307	12500
11202	12881	10213	12224	10110	11790	10306	12501
11205	12884	10213	12222	10111	11795	10307	12505
11198	12887	10217	10446	10131	11834	10316	12522
11225	12918	10201	12216	10127	11826	10316	12527
11229	12922	10193	12206	10094	11750	10291	12479
11190	12858	10185	12173	10073	11704	10269	12427
11186	12866	10182	12175	10074	11719	10270	12432
10539	11178	10201	12193	10099	11770	10285	12458
11218	12906	10202	12200	10127	11836	10318	12517
10571	11219	10221	12242	10167	11918	10345	12564
11216	12925	10214	12221	10084	11744	10325	12509
11198	12890	10196	12206	10139	11873	10352	12587
11231	12934	10168	12177	10073	11724	10305	12502
10538	11175	10175	12157	10111	11817	10332	12546
11213	12912	10173	12175	10120	11830	10340	12562
11202	12890	10151	10375	10065	11710	10303	12500
11196	12868	10169	12160	10081	11742	10325	12518
11211	12910	10171	10411	10087	11758	10330	12522
11211	12904	10170	12186	10089	11769	10316	12521
11205	12905	10214	12237	10148	11890	10336	12559
11214	12897	10191	12200	10062	11707	10325	12521
11181	12856	10186	12210	10097	11791	10333	12543
11202	12893	10201	12228	10119	11828	10346	12555
10562	11198	10208	12234	9681	10416	10392	12617
11217	12923	10207	12237	10152	11893	10432	12676
11201	12874	10188	12188	10078	11736	10412	12623
11194	12871	10190	12194	10097	11780	10434	12658
11209	12892	10201	12210	10115	11817	10437	12673
11216	12905	10194	12206	10122	11824	10441	12681
11209	12909	10168	12189	10081	11748	9923	11010
11184	12859	10156	12151	10103	11804	10421	12658
11223	12909	10183	12192	10118	11810	10430	12660
11187	12874	10169	12167	10108	11794	10429	12661
11204	12898	10174	12182	10125	11826	10436	12672
10559	11212	10169	12166	10076	11722	10408	12619
11181	12853	10151	12134	9644	10334	9918	11012
11184	12862	10160	12156	10091	10102	10402	12626
11192	12876	10160	12162	10098	11775	10403	12637
11207	12899	10168	12179	10107	11794	10394	12623
11177	12852	10136	12114	10057	11683	10370	12582
11176	12851	10129	12121	9634	10318	10368	12584
11170	12850	10148	12127	10071	11717	10366	12587
11171	12856	10144	12125	10084	11750	10374	12604
11188	12879	10133	12115	10062	10056	10355	12570
11162	12823	10102	12057	10046	11668	10339	12547
11163	12828	10098	12055	10058	11698	10339	12553
11168	12835	10100	12057	9629	10316	10337	12553
11171	12848	10101	12066	10069	11725	10339	12558
11159	10909	10109	12066	10037	11653	10312	12505
11130	10872	9626	10533	10025	11631	10289	12460
11134	12792	10061	11989	10026	11643	10291	10632
11143	12808	10059	11986	10026	11651	10295	12471
11155	12826	10063	12001	10038	11682	10312	12494
11164	12843	9622	10539	10026	11654	10305	12472
11139	12796	10034	11954	10008	11619	10294	12453
11153	12811	10029	11947	10022	11657	10306	12469
11154	12815	10025	11946	10018	11643	10307	12464
10514	11147	10050	11978	10019	11650	10302	12468
11162	12839	10052	11995	10028	11674	10303	12473
11165	12833	10029	11954	9989	11584	10274	12406
10495	11124	10013	11916	9995	11596	10284	12402
11129	12792	10021	11931	10002	11614	10296	12419
11136	12804	10025	11951	10005	11626	10303	12437
11151	12827	10026	11963	10019	11662	10316	12466
10522	11162	10048	11994	10039	11706	10326	12482
11146	12815	10031	11956	9989	11590	10305	12438
10491	11123	10030	11957	9998	11615	10315	12450
11135	12797	10038	11975	10013	11642	10324	12467
11146	12818	10037	11984	10027	11680	9862	10915
11154	12829	10054	12010	10062	11766	10360	12534
11162	12839	10070	12035	10083	11812	10374	12558
11153	12831	10057	11998	10009	10007	10353	12521
11117	12778	10035	11954	10021	11673	10356	12525
10490	11131	10036	11959	10033	11696	10364	12537
11135	12799	10032	11960	10049	11738	10372	12552
11147	12816	10043	11981	10062	11766	10380	12568
11148	12830	10052	12002	9642	10388	10390	12588
11166	12848	10056	12012	10032	10045	10375	12552
11127	12781	10032	11962	10015	11654	10358	12527
11137	12796	10032	10249	10026	11679	10360	12531
11137	12802	10036	11971	10033	11700	10367	12544
11154	12823	10050	11996	10056	11756	10378	12562
11156	12838	10044	11992	10070	11783	10388	12577
11167	12850	10054	12026	10070	11782	10383	12568
11145	12809	10038	11975	10009	11646	10355	12521
11138	12798	10049	11988	10024	11678	10355	12525
11145	12811	10062	12013	10033	11707	10360	12537
11151	12821	10074	12031	10061	11765	10371	12556
10517	11166	10084	12059	10070	11787	10380	12573
11170	12853	10093	12076	10083	11813	10384	12573
11153	12823	10065	12020	10013	11665	10354	12530
10507	11146	10076	10301	10032	11708	10358	12538
11147	12822	10080	12045	10039	11724	10362	12547
11153	12835	10092	12064	10059	11767	10371	12562
11155	12851	10102	12087	10076	11805	10381	12582
11176	12864	10105	12096	10053	11752	10369	12555
11139	12800	10079	12038	10025	11694	10358	12538
11144	12812	10091	12059	9618	10344	10364	12552
10505	11146	10091	12056	10054	11761	10372	12560
11163	12844	10092	12070	10086	11828	10391	12597
11177	12866	10099	12086	10104	11858	10398	12608
11175	12865	10087	10314	10032	11708	10374	12563
11150	12828	10083	12048	10062	11781	10384	12580
10535	11173	10088	12062	10073	11800	10385	12587
11166	12851	10097	12074	10086	11827	10396	12603
11170	12857	10105	12093	10110	11872	10402	12614
11167	12843	10086	12049	10035	11710	10372	12558
11140	12809	10093	12055	10065	11779	10376	12572
11152	12826	10099	12067	10078	11806	10384	12581
11148	12827	10105	12072	10102	11850	10392	12602
11164	12845	10110	12087	10118	11884	10400	12621
11153	12832	10085	12041	10043	11717	10370	12561
11144	12808	10082	12030	10055	11744	10368	12560
11148	12820	10080	12032	10057	11747	10369	12561
11154	12829	10086	12042	10071	11781	10374	12577
11167	12845	10086	12063	10087	11814	10372	12573
11154	12823	10068	12008	10039	11700	10335	12532
11161	12820	10070	12013	10057	11739	10333	10696
11159	12823	10072	12010	10066	11757	10367	12603
11164	12831	10079	12021	10088	11801	10430	12702
11167	12838	10079	12026	10088	11782	10443	12678
11135	12789	9610	10505	9623	10313	10450	12689
11130	12782	10055	10245	9631	10332	10473	12729
11135	12786	10058	11965	10069	11737	10495	12750
11135	12790	10062	11972	10095	11796	10535	12811
10496	11132	10066	10252	10126	11866	10034	11165
11140	12801	9616	10498	10087	11769	10520	12765
11111	12747	10032	11891	10109	11790	10540	12825
11116	12752	10029	11886	9702	10434	10548	12861
11117	12755	10031	11889	10181	11937	10544	12855
11120	12766	10044	11914	10183	11941	10539	12837
11124	12778	10054	11929	10176	11929	10020	11157
10495	11128	10065	11952	10181	11944	10522	12807
11121	12763	10044	11906	10069	11684	10509	10850
11108	12744	10030	11886	10080	11718	10532	12809
11110	12749	10038	11893	10091	11747	10529	12804
11112	12760	10046	11907	10119	11806	10478	12707
11115	12768	10053	11916	10149	11871	9992	11096
11122	12775	10054	11918	10183	11902	10516	12780
11109	12747	10030	11864	10161	11843	10400	12618
11104	12735	10022	11843	10201	11899	10356	12583
11114	12750	10030	11857	10233	11926	10338	12597
11120	12759	10037	11871	10244	11933	10333	12609
11129	12784	10048	11891	10264	11960	10347	12629
10502	11135	10058	11910	10282	12004	10439	12759
11116	12754	10041	11865	9735	10407	10436	12744
11105	12750	10036	11855	10195	11832	10441	12740
11118	12764	10043	11869	10191	11835	10464	12746
11120	12783	9614	10455	10197	11854	10470	12748
11135	12807	10075	11935	10213	11901	10485	12765
11147	12825	10092	11974	10220	11921	10491	12779
11154	12848	10105	12004	10199	11883	10496	12764
11126	12788	10080	11935	10124	11726	9988	11121
11120	12782	10092	11953	10127	11740	10478	12761
11126	12795	10098	11961	10129	11747	10483	12767
10496	11145	10110	11979	10146	11786	10453	12745
11147	12827	10114	11988	10153	11799	10420	12713
11153	12849	10124	12011	10156	11804	10440	12733
11169	12872	10132	12025	10122	11724	10443	12717
11127	12799	10101	11961	10107	11696	10456	12733
11140	12816	10106	11971	10112	11714	10421	12709
11142	12821	10109	11976	10113	11720	9953	11096
11145	12837	10121	11999	10128	11755	10443	12740
11158	12855	10128	12017	10135	11779	10444	12744
11166	12869	10135	12037	10146	11802	10441	12739
11140	10897	10112	11977	10097	11690	10438	12729
11144	12824	10115	11987	10111	10079	10440	12737
11147	12833	10115	11990	10111	11735	10442	12742
11146	12841	10125	10280	10123	11772	10447	12750
11161	12863	10136	12032	10137	11803	10447	12752
11165	12875	9682	10568	10150	10157	10448	12751
11148	12840	10120	11994	10087	11688	9946	11093
11137	12822	10120	11997	10096	11720	9947	11097
11141	12833	10123	12006	10104	11744	10436	12737
10506	11163	10135	12026	9683	10387	10436	12740
11160	12858	10149	12065	10146	11837	10435	12743
11168	12877	10160	12092	10162	11877	10435	12744
11166	12870	10153	12074	10098	11732	10423	12719
11140	12824	10157	12082	10108	11762	10424	12727
11144	12838	10195	12138	10122	11802	10423	12729
11151	12847	10202	12149	10142	11844	10424	12734
11171	12876	10204	12157	9722	10473	10421	12733
11187	12898	10203	12163	10197	11962	10418	12734
10546	11217	10206	12166	10201	11968	10409	12715
11173	12859	10192	12132	10141	11833	10409	12711
11168	12866	10195	12143	10156	11870	9925	11084
11171	12868	9729	10641	10155	11871	10413	12721
11171	12880	10201	12157	10171	11909	10414	12729
11188	12903	10209	12168	10180	11933	10416	12732
11182	12912	10217	12176	10183	11954	10408	12733
11182	12907	10178	10370	10107	11793	10408	12727
11216	12945	10208	12146	10117	11805	10430	12750
11216	12943	10215	12152	10128	11851	9934	11108
11234	12965	10218	12172	10168	11951	10398	12744
10579	11248	10210	12168	10187	11972	10451	12786
11185	12916	10262	12229	10181	11977	10425	12777
11188	12908	10309	12247	10194	11999	10404	12754
11161	12832	10267	12183	10141	10185	10377	12726
11132	12838	10228	12126	10191	11967	10336	12699
11147	12851	10213	12092	10181	11936	10308	12662
11177	12891	10212	12094	10158	11882	10299	12647
11153	12862	10219	12116	10149	11866	10298	12636
10552	11199	10223	12127	10103	11777	10256	12552
11154	12835	10229	12101	10074	11722	10249	12554
11131	12820	10242	12123	10080	11733	10276	12574
11122	12770	10191	12083	10073	11751	10245	12561
11109	12769	10206	12097	10081	11761	10246	12555
11126	12793	10220	12105	10094	11770	10236	12536
11138	12796	10202	12087	10070	11712	10169	12443
11087	12726	10147	12000	10049	11666	10157	12417
11104	12761	10145	11998	10043	11660	10146	12414
11095	12760	10113	11947	10040	11655	10150	12430
10473	11129	10093	11911	10054	11682	10168	12450
11132	12817	10096	11909	10061	11692	10158	12429
11105	12808	10028	11777	10032	11619	10128	12378
11142	12839	9998	11726	10040	11617	10122	12369
11196	12894	10009	11747	10049	11616	10123	12361
11227	12929	10022	10106	10065	11637	10122	12365
11226	12934	10038	11805	10081	11661	10128	12376
11218	12929	10058	11839	10089	11678	10129	12386
11195	12895	10039	11797	10056	11604	10089	12307
11148	12826	9981	11686	10054	11591	10067	12282
11148	12837	9973	10042	10059	11601	10064	12278
11164	12855	10001	11719	10070	11623	10077	12307
10576	11218	9598	10374	10090	11662	10101	12331
11232	12937	10086	11869	10113	11708	10112	12361
11241	12946	10127	11939	10129	11742	10116	12365
11212	12893	10141	11947	10113	11690	10092	12329
11211	12890	10164	11990	10153	11765	10122	12392
11231	12920	10185	12029	10181	11823	10172	12488
11253	12958	10192	12060	10226	11920	10178	10678
11269	12984	10207	12086	10243	11963	10189	12542
11286	13001	13983	12091	10244	11969	10239	12578
11291	13006	10209	12095	10232	11929	10258	12568
11240	12924	10165	11996	10171	11799	10259	12545
11235	12927	10191	12026	10197	11841	10279	12589
11283	12990	10226	12079	10195	11821	9827	10982
11300	13027	10280	12157	10204	11837	10323	12622
11303	13034	10310	12203	10221	11880	10320	12648
11307	13036	10309	12206	9776	10474	10328	12659
11294	13034	10298	12189	10200	11829	10301	12604
11263	12979	10250	12089	10178	11799	10298	12601
10612	11274	10253	12110	10201	11844	10311	12630
11283	13025	10258	12119	10209	11865	10316	12653
11291	13043	10275	12152	10235	11918	10326	12665
11298	13041	10285	12174	10245	11933	10330	12671
11285	13035	10289	12184	10255	11945	10323	12660
11269	12996	9763	10599	10184	11795	10293	12588
11257	12991	10252	12108	9740	10407	10290	12588
11260	12996	10252	12113	10198	11823	10288	12578
11264	13000	10240	12115	10194	11831	10255	12562
11263	12998	10245	12130	10197	11835	10273	12581
11251	12993	10260	12154	10201	11842	10301	12626
11241	12974	10242	12113	10130	11719	10293	12606
11217	12949	10274	12153	10120	11721	10249	12587
10584	11264	10256	12161	10114	11715	10256	12591
11263	12999	10262	12175	10121	11731	10283	12622
11250	12998	10260	12175	10119	11739	10261	10749
11242	12990	10266	12178	10107	11715	10239	12583
11229	10971	10220	12124	10085	11669	10238	12589
11244	12988	10251	12167	10106	11694	10266	12617
11256	12999	10232	12164	10105	11703	10267	12627
11280	13014	10230	12168	10140	11776	10278	12644
11276	13015	10229	12170	10151	11790	10264	12623
11251	12967	10184	12075	10119	11720	10266	12613
11215	12932	10174	12074	10138	11754	10267	12618
11228	12944	10196	12081	10157	11776	10298	12648
11225	12954	10220	12115	10194	11820	10335	12683
11229	12968	10260	12172	10206	11827	10328	12664
11219	12927	10225	10378	10175	11762	10312	12630
11238	12941	10245	12166	10210	11814	10309	12636
10596	11252	10264	12191	10249	11904	10305	12643
11255	12982	10280	12209	10299	11995	10325	12676
11256	12977	10270	12207	10302	12016	10318	12661
11227	12923	10224	12119	10247	11893	10287	12580
11206	12899	10227	12121	10252	11911	10288	12586
11212	12904	10239	12151	10260	11927	10284	12578
11212	12905	10235	12153	10265	11944	10280	12576
11209	12902	10253	12176	10286	11976	10286	12588
11214	12903	10239	12153	10252	11892	10270	12542
11174	12859	10230	12132	10260	11907	10261	12536
11181	12864	9757	10629	10262	11914	10237	12514
11172	12852	10218	12122	10252	11903	10225	12507
11168	12852	10244	12156	10257	11914	10209	12499
11189	12884	10275	12206	10270	11942	10222	12524
11175	12869	10260	12176	10249	11908	10221	12515
11162	12857	10275	12213	10272	11955	10230	12530
11174	12870	10274	12218	10266	11929	10237	12539
11170	12868	10280	12232	10276	11954	10248	12564
10513	11172	9805	10712	10281	11959	10255	12575
11133	12846	10272	12200	10220	11840	10230	12519
11125	12814	10244	12156	10237	11877	10233	12527
11137	12839	10250	12172	10265	11928	10240	12545
11143	12846	10246	12169	10283	10260	10247	12574
11151	12857	10247	12175	10290	11985	10260	12613
10521	11176	10230	12146	9759	10423	10224	12535
11126	12812	10205	12105	10210	11842	10226	12546
11143	12836	10204	12121	10234	11888	10233	12560
11178	12877	10210	12115	10230	11875	10233	12562
11216	12922	10223	12141	9784	10472	9779	10970
11222	12936	10211	12121	10199	11821	10200	12498
11208	12886	10201	12095	10205	11841	10195	12500
11210	12896	10205	12104	10222	11873	10201	12508
10555	11207	10215	12122	10225	11876	10209	12523
11205	12907	10215	12133	9781	10473	10220	12546
11211	12918	10230	12165	10251	11927	10211	12532
11193	10933	10188	12087	10182	11800	10186	12479
11181	12867	10191	12091	10192	11818	10185	12480
11195	12883	10198	12105	10199	11831	10189	12486
11199	12892	10207	12125	10217	11865	10197	12508
11208	12909	10213	12147	10228	11888	10211	12532
11221	12925	10224	12171	10239	11910	10205	12524
11191	12881	10185	12090	10172	11789	10182	12472
11192	12871	10186	12092	10177	11795	10190	12482
11196	12882	10187	12097	10176	11797	10188	12485
11200	12893	10194	12106	10191	11826	10199	12504
11215	12912	10203	12127	10200	10164	10206	12515
11214	12917	10206	12137	10209	11860	10214	12531
11202	12902	10184	12085	10156	11762	10189	12476
11164	12844	10160	12040	9712	10368	10207	12503
11176	12865	10166	12052	10164	11785	10209	12513
11219	12930	10172	12074	10182	11818	10226	12548
10561	11224	10176	12090	10199	11856	10245	12590
11224	12944	10192	12120	10213	11886	10265	12623
11219	12939	10173	12082	10154	11769	10229	12535
11202	12898	10157	12058	10164	11791	10249	12572
11207	12913	10165	12075	9727	10404	10257	12592
11214	12919	10171	12085	10192	11841	10269	12616
11215	12934	10188	12120	10213	11882	10283	12648
11223	12948	10194	12138	10227	11919	10293	12667
11217	12924	10158	12072	10169	11805	10259	12593
11232	12938	10154	12068	10202	11872	10273	10761
11233	12945	10156	12068	10203	11875	10274	12632
11220	12936	10160	12078	10214	11890	10273	12636
11230	12947	10180	12110	10217	11897	10275	12641
11231	10979	10160	12077	10160	11788	10233	12548
11197	12887	9692	10568	10164	11797	10232	12549
10558	11206	10144	12052	10171	11808	10187	12505
11198	12898	10159	12066	10176	11821	9744	10947
11206	12923	10174	12096	10192	11849	10225	10728
11222	12930	10164	12105	10164	11793	10202	12527
10534	11180	10133	12030	10136	11739	10192	12505
11192	12872	10119	12020	10141	11756	10197	12532
11201	12883	10137	12017	10151	11777	10237	12589
11196	12881	10121	12003	10192	11844	10290	12668
11192	12880	10118	11998	10208	11858	10313	12682
10514	11166	9642	10485	10158	11766	10270	10709
11131	12802	10043	11863	10144	11741	10210	12504
11151	12822	10063	11895	10157	11779	10209	12517
11172	12841	9625	10468	10153	11765	10212	12523
11188	12872	10087	11951	10156	11775	10217	12537
11203	12887	10106	11984	10165	11793	10228	12552
10548	11178	10087	11941	10111	11679	10189	12479
11156	12821	10077	11917	10111	11678	10192	12484
11179	12847	10091	11939	10113	11683	10189	12488
10548	11183	10110	11969	10124	11701	10195	12500
10555	11200	10123	11999	10134	11722	10201	12516
11210	12907	10141	12026	10145	11743	10208	12526
11219	12917	10153	12053	10153	11762	10203	12516
11187	12864	10122	11985	10108	11655	10177	12461
10527	11168	10123	11988	10113	11662	10177	12466
11186	12870	10136	12002	10116	11674	10181	12471
11189	12873	10142	12014	10135	11700	10192	12493
11207	12896	10151	10302	10151	11732	10202	12515
11220	12921	10161	12066	10163	11764	10212	12540
11235	12940	10178	12099	10168	11771	10202	12513
11199	12874	10158	12048	10130	11685	9736	10904
11196	12873	10171	12074	10142	11712	10195	12494
11203	12882	10178	12080	10147	11724	10198	12507
11201	12887	10183	12097	10168	11773	10210	12534
11206	12898	10197	12120	10180	11795	10221	12561
11207	12909	10210	12143	10175	11787	10208	12525
11177	12852	10161	12066	10140	11711	10194	12492
11184	12857	10181	12081	10149	11736	10199	12506
11189	12865	10189	12091	10153	11749	10201	12516
11191	12875	10211	12126	10169	11779	10207	12533
11214	12909	10232	12169	10174	11788	10213	12546
11211	12915	10241	12186	10186	11812	10217	12551
11189	12874	10213	12120	10142	11723	10189	12488
11178	12852	10211	12122	10155	11748	10199	12508
11178	12860	10223	12138	10162	11764	10205	12516
11180	12870	10232	12153	10174	11791	10211	12540
11193	12891	10240	12174	9738	10410	10224	12569
11209	12909	10251	12195	9748	10433	10231	12591
11224	12928	10212	12129	10154	11755	10191	12495
11201	12887	9723	10595	10169	11787	10198	12511
11216	12912	10206	12117	10182	11812	10199	12517
11214	12910	10221	12151	10193	11840	10208	12536
11231	12935	9765	10671	10211	11872	10219	12561
11243	12952	10250	12208	10221	11890	10221	12559
11226	12916	10223	12158	10162	11778	10196	12501
10566	11214	10225	12166	9732	10405	10203	12519
11239	12938	10230	12169	9731	10407	10201	12519
11243	12954	10234	12179	10198	11847	10211	12539
11257	12967	10249	12208	10235	11921	10215	12547
11256	12972	10262	12229	10206	11858	10194	12498
11210	12891	10244	12193	10179	11807	10189	12490
11217	12902	10262	12228	10197	11845	10196	12504
11225	12911	10259	12232	10196	11843	10201	12514
11230	12926	10277	10466	10211	11875	10206	12531
11231	12932	10287	12240	10225	11905	10213	12549
11224	12920	10281	12259	10180	11813	9732	10904
11190	12866	10286	12261	10191	11835	10184	12489
11228	12919	9797	10723	10196	11843	10186	12488
11257	12952	10275	12254	10198	11854	10198	12511
11284	12996	10283	12259	10202	11856	10204	12522
11282	13002	10296	12249	10185	11819	10185	12480
11265	12953	10244	12203	10164	11779	10175	12464
11281	12979	10241	12208	10169	11790	10175	10639
11280	12983	10239	12205	10171	11797	10177	12475
11276	12988	10256	12231	10187	11835	10186	12503
11278	12994	10254	12232	10194	11848	10186	12496
11258	12943	10217	12155	10147	11751	10165	12449
11261	12947	10218	12159	10157	11775	10170	12467
11269	12969	10223	12172	10161	11785	10174	12476
11276	12977	10239	12197	9723	10402	10185	12504
11281	12989	10251	12213	10188	11842	10208	12537
11266	12950	10214	12148	10145	11748	10229	12547
11268	12957	10211	12153	10162	11784	10277	12626
11278	12974	10209	12155	10168	11793	10291	12647
11283	12982	10227	12179	10180	11818	10305	12678
11288	12995	10235	12197	10189	11838	10338	12709
11284	12969	10214	12142	10138	10078	10337	12681
11282	12971	10219	12149	10140	11736	10360	12720
11300	13008	10228	12166	10144	11745	10377	12739
11296	13009	10253	12195	10152	10111	10391	12765
11303	13017	10267	12230	10169	11804	10388	12761
11295	13008	9767	10670	10133	11711	10347	12668
11253	12940	10226	12153	10130	11694	10350	12673
11267	12955	10223	10392	10137	11705	10360	12690
11268	12959	10222	12162	10144	11712	10366	12703
11273	12971	10226	12171	10156	11736	10375	12722
10613	11260	10234	12192	10165	11757	10378	10841
11281	12991	10221	12171	10141	11694	10344	12651
11242	12923	10211	12138	10136	11678	10349	12669
11247	12938	10227	12161	10140	11689	10353	10799
11253	12944	9760	10660	10145	11706	10360	12696
11261	12961	10241	12196	10157	11720	10361	12709
11269	12974	10244	12210	10167	11744	10362	12723
11274	12984	10250	10443	10166	11741	10343	12679
11236	12917	10214	12141	10133	11669	10326	12641
11242	12925	10218	12150	10138	11682	10347	12696
11261	12952	10219	12158	10142	11695	10343	12724
11269	12973	10228	12181	10159	11734	10361	12750
11281	12992	9765	10683	10169	11757	10376	12762
10623	11270	10250	12225	9731	10381	10378	12754
11258	12947	9743	10644	10153	11714	10360	12717
11262	12958	10227	12192	10171	11760	9888	11100
11267	12970	10243	12200	10179	11777	10368	12745
11274	12986	10249	12219	10195	11811	10370	12754
11285	12999	10266	12246	10194	11809	10366	12748
11269	12985	9780	10678	10150	11719	10326	12651
11223	12902	10243	12158	10154	11724	10335	12670
11200	12885	10252	12167	10161	10090	10339	12681
11226	12909	10237	12160	10178	11785	10349	12708
11240	12936	10246	12185	10194	11822	10351	12724
11243	12950	10244	12185	10157	11743	10306	12619
11199	12869	10214	12118	10130	11688	10283	12580
11204	12875	10214	12121	10135	11701	10283	12589
11221	12896	9740	10624	10139	11708	10285	12598
11227	12919	10228	12155	10152	11738	10298	12619
11247	12940	10219	12159	10155	11740	10296	12589
11202	12860	10204	12098	10134	11690	10274	12558
11224	10946	10235	12140	10129	11693	10264	12557
11256	12948	10221	12131	10131	11693	10268	12566
11263	12964	10226	12145	10142	11716	10283	12598
11268	12981	10244	12180	10152	11745	10283	12598
11234	12929	10234	12144	10121	11665	10251	12540
11245	12943	10233	12158	10129	11688	10270	12575
11264	12961	10213	12131	10142	11725	10295	12634
11257	10990	10238	12168	10158	11766	10316	12678
11268	12981	10252	12203	10165	11781	10322	12678
11254	12943	10216	12138	10117	11677	10302	12633
11246	12938	10217	12147	10131	11706	10322	12673
11248	12941	10218	12148	10130	11714	10317	12675
11247	12946	10238	12182	10140	11734	10316	12685
11258	12975	10248	12210	10143	11742	10308	12659
11248	12935	10205	12130	10111	11675	10295	12639
11257	12952	10219	12154	10131	11714	10277	12663
11254	12962	10223	12165	10144	10081	10307	12686
10599	11253	10232	12189	10154	11756	10332	12730
11276	12987	10231	12199	10142	11727	10312	12672
11243	12925	10196	12127	10130	11699	10321	12686
11251	12952	10209	12152	10133	11714	10331	12712
11247	12951	10213	12157	10138	11721	10332	12719
11265	12973	10226	10415	10148	11744	9865	11097
11261	12973	10206	12143	10119	11680	10299	12646
11234	12921	10202	12137	10131	11703	10315	12691
11246	12945	10211	12155	10143	11731	10317	12696
11248	12949	10215	12165	10166	11785	10327	12720
11260	12970	10247	12226	10182	10139	10299	12653
11231	12907	10224	12176	10148	11744	10278	12619
11235	12917	10263	12246	9715	10381	9817	11021
11241	12925	10282	12244	10168	11795	10283	12647
11249	12938	10294	12257	10184	11826	10291	12671
11259	12956	10288	12246	9699	10344	10248	12573
11236	12911	10245	12198	10141	11737	10250	12585
11251	12942	10237	12192	10153	11766	10258	10739
11251	12944	9765	10682	10164	11789	10266	12625
11254	12957	10263	12241	10180	11820	10276	12650
11262	12970	10279	12234	10155	11770	10236	12561
11226	12900	10270	12234	10144	11750	10232	12558
11233	12914	10295	12251	10155	11775	10239	12577
11230	12909	10292	12250	10162	11791	10252	12614